0;0.08482519537210464
0;0.6369064450263977
0;0.030691588297486305
0;0.0014178542187437415
0;0.007686669006943703
0;0.0013564210385084152
0;0.01990608125925064
0;0.01055899914354086
0;0.02073729783296585
0;0.007491227705031633
0;0.8247966766357422
0;0.011431991122663021
0;0.6801278591156006
0;0.057994093745946884
0;0.0016466624801978469
0;0.0015999912284314632
0;1.0
0;0.0548035204410553
0;0.0016519812634214759
0;0.02043449878692627
0;0.00773942656815052
0;0.014673138037323952
0;0.04997644200921059
0;0.07324126362800598
0;0.009905506856739521
0;0.0022741302382200956
0;0.12494182586669922
0;0.038120780140161514
0;0.025950666517019272
0;0.002255464904010296
0;0.0024728241842240095
0;0.02386196330189705
0;0.18663528561592102
0;0.0038140700198709965
0;0.016754277050495148
0;0.0014059137320145965
0;8.518948015989736e-05
0;0.0014952971832826734
0;0.9996439218521118
0;0.325473427772522
0;0.052428510040044785
0;0.94770747423172
0;0.0014476713258773088
0;0.9988394379615784
0;0.0006803043652325869
0;0.2810325026512146
0;0.041900698095560074
0;0.0010988189605996013
0;0.014192898757755756
0;0.048895277082920074
0;0.039535291492938995
0;0.0013468252727761865
0;0.2619675397872925
0;0.006292582489550114
0;0.0004166670551057905
0;0.0018987589282914996
0;0.03179675340652466
0;0.032827228307724
0;0.006134017836302519
0;0.0011237175203859806
0;0.002426761668175459
0;0.1711612045764923
0;0.007593516260385513
0;0.017856914550065994
0;3.804875086643733e-05
0;0.0024054732639342546
0;0.8135747313499451
0;0.02239583618938923
0;0.000296753307338804
0;0.013648705556988716
0;0.0011638612486422062
0;0.0017246691277250648
0;0.02016223967075348
0;0.026902709156274796
0;0.13847839832305908
0;0.00020477814541663975
0;0.003362765070050955
0;0.004774897824972868
0;0.0013175789499655366
0;0.00038645503809675574
0;0.030211618170142174
0;0.002336743986234069
0;0.0007725716568529606
0;0.0013851230032742023
0;0.008589192293584347
0;0.005760317202657461
0;0.00516355037689209
0;0.22747182846069336
0;0.0016293515218421817
0;0.0012744634877890348
0;0.004253229591995478
0;0.002060732338577509
0;0.0006282206741161644
0;0.0014783574733883142
0;0.00039571174420416355
0;0.00012840391718782485
0;0.004979091230779886
0;0.004576648119837046
0;0.7307428121566772
0;0.02445385977625847
0;0.0004992182948626578
0;0.0010546954581514
0;0.0015066966880112886
0;0.004122664220631123
0;0.0011058932868763804
0;0.00851395446807146
0;0.0005919935065321624
0;0.0007097806665115058
0;0.0003554096329025924
0;0.002799909794703126
0;0.02035834640264511
0;0.0012951522367075086
0;0.02581406943500042
0;0.038907986134290695
0;0.00014559688861481845
0;0.009967073798179626
0;0.004530474543571472
0;0.005175554193556309
0;0.0075028687715530396
0;0.9414195418357849
0;0.15366868674755096
0;0.8764504194259644
0;0.016778165474534035
0;0.04041176661849022
0;0.015230109915137291
0;0.0016998928040266037
0;0.9174865484237671
0;0.045888930559158325
0;0.0001324240438407287
0;0.01728261634707451
0;0.9829139113426208
0;0.0317859873175621
0;0.16020873188972473
0;0.020651599392294884
0;0.9633195400238037
0;0.08856172114610672
0;0.9121370315551758
0;0.04567543417215347
0;0.12589524686336517
0;0.013705389574170113
0;0.2238629162311554
0;0.012049254029989243
0;0.09344620257616043
0;0.988158643245697
0;0.98382967710495
0;0.14453557133674622
0;0.26319241523742676
0;0.9983452558517456
0;0.0038292084354907274
0;0.0003336704394314438
0;0.00024704221868887544
0;0.013537541031837463
0;0.4171713888645172
0;0.006382609251886606
0;0.0007558207144029438
0;0.003350582905113697
0;0.007891354151070118
0;0.058181457221508026
0;0.07085833698511124
0;0.003534103976562619
0;0.0036949010100215673
0;0.0006053996621631086
0;0.003932305611670017
0;0.0005328417173586786
0;0.0030812816694378853
0;0.00601224647834897
0;0.8422044515609741
0;0.00755659444257617
0;0.48339545726776123
0;0.0017788123805075884
0;0.02693084068596363
0;0.050645072013139725
0;0.15402045845985413
0;0.9406415820121765
0;0.0011249652598053217
0;0.0018051336519420147
0;0.013723681680858135
0;0.002087593777105212
0;0.0346502922475338
0;0.0014005883131176233
0;0.011310137808322906
0;0.0010739113204181194
0;0.01277807354927063
0;0.043810196220874786
0;0.00012690959556493908
0;0.0978354662656784
0;8.033101039472967e-05
0;0.00033741886727511883
0;0.009295830503106117
0;0.11790963262319565
0;0.22099100053310394
0;0.1215846836566925
0;0.00015030719805508852
0;0.013804891146719456
0;0.00522153964266181
0;0.20247827470302582
0;0.01049188245087862
0;0.00785690639168024
0;0.0058952816762030125
0;0.05035309121012688
0;0.04807805269956589
0;0.013347766362130642
0;0.006185089237987995
0;0.00020078658417332917
0;0.02494882419705391
0;0.01062589418143034
0;0.9998226761817932
0;0.005930667743086815
0;0.001029673032462597
0;0.9948018789291382
0;0.007211648393422365
0;0.0010173555929213762
0;0.00040287832962349057
0;0.0005871631437912583
0;0.4978886842727661
0;0.04613703861832619
0;0.963346540927887
0;0.992225170135498
0;0.010194499045610428
0;0.3004482090473175
0;0.009396628476679325
0;0.3819289207458496
0;0.8497467637062073
0;0.0082605741918087
0;0.03512564301490784
0;0.05325499176979065
0;0.0024952308740466833
0;0.5064370036125183
0;0.14093813300132751
0;0.022648116573691368
0;0.0446644052863121
0;0.0011660418240353465
0;0.9191828370094299
0;0.04636920988559723
1;0.999365508556366
1;0.9999799728393555
1;0.9999833106994629
1;0.9998769760131836
1;0.9999967813491821
1;0.9998739957809448
1;0.999671459197998
1;0.9999666213989258
1;0.9994055032730103
1;0.9999959468841553
1;0.9999828338623047
1;0.9979889392852783
1;1.0
1;0.9999970197677612
1;0.999995231628418
1;0.9992295503616333
1;0.9996117949485779
1;0.9999998807907104
1;0.9999740123748779
1;0.9999991655349731
1;0.8300583362579346
1;0.9999996423721313
1;0.9999701976776123
1;0.9999754428863525
1;1.0
1;0.999988317489624
1;0.9999116659164429
1;0.9999973773956299
1;0.9999876022338867
1;0.999904990196228
1;0.994877815246582
1;0.99998939037323
1;0.9999992847442627
1;0.9995424747467041
1;0.9999046325683594
1;0.9977558255195618
1;0.996557891368866
1;0.9989365935325623
1;0.9999961853027344
1;0.9994575381278992
1;0.9997939467430115
1;0.9994561076164246
1;0.9973888993263245
1;0.9970267415046692
1;0.9998859167098999
1;0.9997392296791077
1;0.9987810254096985
1;0.99549400806427
1;0.9999282360076904
1;0.9999357461929321
1;0.9998449087142944
1;0.999901294708252
1;0.9981004595756531
1;0.8615972995758057
1;0.9815444946289062
1;0.9999653100967407
1;0.9999567270278931
1;0.9999892711639404
1;0.9999995231628418
1;0.9999724626541138
1;0.9995548129081726
1;0.9997391104698181
1;0.9999477863311768
1;0.9999873638153076
1;0.9951089024543762
1;0.9999988079071045
1;1.0
1;0.9999864101409912
1;1.0
1;0.999813973903656
1;0.9998010993003845
1;0.9998155236244202
1;0.999998927116394
1;0.9999872446060181
1;0.9992421865463257
1;0.9951540231704712
1;0.9997393488883972
1;0.9999995231628418
1;1.0
1;1.0
1;0.9999995231628418
1;0.9999536275863647
1;0.9945922493934631
1;0.08329210430383682
1;0.9999998807907104
1;0.9999966621398926
1;0.9999983310699463
1;0.9991113543510437
1;0.9992800354957581
1;0.9999281167984009
1;0.9997977614402771
1;0.9958013892173767
1;0.9998093247413635
1;0.9999998807907104
1;0.9790134429931641
1;0.9999772310256958
1;0.9999904632568359
1;0.9999972581863403
1;0.9999932050704956
1;0.9999994039535522
1;0.9985677003860474
1;0.9997605681419373
1;0.9978952407836914
1;0.998069703578949
1;0.998306155204773
1;0.9999847412109375
1;0.9999594688415527
1;0.9989252686500549
1;0.9996459484100342
1;0.9999997615814209
1;0.9995682835578918
1;0.9999991655349731
1;0.9990898370742798
1;0.9934324026107788
1;0.9980108141899109
1;0.9999854564666748
1;0.9999799728393555
1;0.9999955892562866
1;0.9998780488967896
1;0.9999997615814209
1;0.9999996423721313
1;0.9999997615814209
1;0.9867721199989319
1;0.999305009841919
1;0.9973141551017761
1;0.999805748462677
1;0.9999994039535522
1;0.9999433755874634
1;0.9998539686203003
1;0.9997790455818176
1;0.9999220371246338
1;0.9998366832733154
1;0.999830961227417
1;0.9999990463256836
1;0.9997077584266663
1;0.9999262094497681
1;0.9999097585678101
1;0.9999333620071411
1;0.9997304081916809
1;0.9995360374450684
1;0.9999996423721313
1;0.9999864101409912
1;0.9978448152542114
1;1.0
1;0.9958958625793457
1;0.9901689291000366
1;0.9998430013656616
1;0.9996328353881836
1;0.9765308499336243
1;0.9999985694885254
1;0.9996974468231201
1;0.9996153116226196
1;0.9999198913574219
1;0.999862790107727
1;0.998826801776886
1;0.9999562501907349
1;0.39591488242149353
1;0.9699259400367737
1;0.9999432563781738
1;0.9999442100524902
1;0.9999984502792358
1;0.9999949932098389
1;0.999994158744812
1;0.9999914169311523
1;0.9999655485153198
1;0.9975837469100952
1;0.9998086094856262
1;0.9999485015869141
1;0.9942820072174072
1;0.9999874830245972
1;0.9975366592407227
1;0.963832676410675
1;0.9997286200523376
1;0.9997997879981995
1;0.9999985694885254
1;0.9999973773956299
1;0.9999889135360718
1;0.9996954202651978
1;1.0
1;0.9982938170433044
1;0.9977896213531494
1;0.9999996423721313
1;0.9999885559082031
1;0.9989509582519531
1;0.9999604225158691
1;0.9998619556427002
1;0.9986020922660828
1;0.9999183416366577
1;0.9999960660934448
1;1.0
1;0.9969512224197388
1;0.9999924898147583
1;0.9999984502792358
1;0.9947348833084106
1;0.9999992847442627
1;0.9999030828475952
1;0.9986687898635864
1;0.999342143535614
1;0.9985204339027405
1;0.9994114637374878
1;0.9936410784721375
1;0.9999982118606567
1;0.9997747540473938
1;0.9920628666877747
1;0.995008111000061
1;0.9990826845169067
1;0.9990537762641907
1;0.9845384359359741
1;0.9996045231819153
1;0.9999873638153076
1;0.9999953508377075
1;0.9992080330848694
1;0.9976094961166382
1;0.9999817609786987
1;0.999846339225769
1;0.9996840953826904
1;0.9999990463256836
1;0.9999995231628418
1;0.9999996423721313
1;0.9999998807907104
1;0.9988313317298889
1;0.9998347759246826
1;0.9999949932098389
1;0.999788224697113
1;0.9966742992401123
1;0.9996399879455566
1;0.9999933242797852
1;0.9994624257087708
1;0.999940037727356
1;0.999976634979248
1;0.9999998807907104
1;0.9981415271759033
1;0.999140739440918
1;0.9999997615814209
1;0.9999767541885376
1;0.9970048069953918
1;0.9995825886726379
1;0.9947217702865601
1;1.0
1;0.9305387735366821
1;0.9999669790267944
1;0.9997026324272156
1;0.99611496925354
1;0.9975979924201965
1;0.9999972581863403
1;0.9261679649353027
1;0.9999556541442871
1;0.9986677169799805
1;0.9963849782943726
1;0.9997566342353821
1;0.9998997449874878
1;0.9987519979476929
1;0.9993665814399719
1;0.9999570846557617
1;1.0
1;0.9980975985527039
1;0.9999995231628418
1;0.9999890327453613
1;0.9999938011169434
1;0.9999855756759644
1;0.9813151955604553
1;0.9968235492706299
1;0.9623544812202454
1;0.9983586668968201
1;0.9700955152511597
1;0.9998818635940552
1;0.9999996423721313
1;0.9986525774002075
1;0.9993475079536438
1;0.9585677981376648
1;0.9991987347602844
1;0.9967308044433594
1;0.9988507032394409
1;0.9999619722366333
1;0.9999781847000122
1;0.9995135068893433
1;0.9984915256500244
1;0.9983072280883789
1;0.9999798536300659
1;0.9975394010543823
1;0.9998279809951782
1;0.9999799728393555
1;0.9998677968978882
1;0.9996975660324097
1;0.9999916553497314
1;0.8447731137275696
1;0.9999589920043945
1;0.9931651949882507
1;0.9999730587005615
1;0.989686906337738
1;0.9963749051094055
1;0.9957355260848999
1;0.995949387550354
1;0.9998295307159424
1;0.999993085861206
1;0.9787651896476746
1;0.994117021560669
1;0.9785866141319275
1;0.9994568228721619
1;0.9990792274475098
1;0.9990119934082031
1;0.9999285936355591
1;0.9987120628356934
1;0.9922096729278564
1;0.9983140230178833
1;0.9892492294311523
1;0.9977388381958008
1;0.9992297887802124
1;0.9999117851257324
1;0.9998852014541626
1;0.9999933242797852
1;0.9999997615814209
1;0.9979569911956787
1;0.9999955892562866
1;0.9993550181388855
1;0.9999868869781494
1;0.9991976618766785
1;0.9981366395950317
1;0.9999885559082031
1;0.9998935461044312
1;0.9997335076332092
1;0.9997970461845398
1;0.9984738230705261
1;0.9999926090240479
1;1.0
1;0.9999997615814209
1;0.9999867677688599
1;0.999984622001648
1;0.999963641166687
1;1.0
1;0.9999481439590454
1;0.9999481439590454
1;0.9917882084846497
1;0.9984443783760071
1;0.9999997615814209
1;1.0
1;0.9999943971633911
1;0.9999994039535522
1;0.9998929500579834
1;0.9999750852584839
1;0.9999939203262329
1;1.0
1;0.9999898672103882
1;0.9999977350234985
1;0.9999997615814209
1;0.9999713897705078
1;0.9997692704200745
1;0.9974507689476013
1;0.9999111890792847
1;0.9990447163581848
1;0.997897744178772
1;0.9989420771598816
1;0.9984702467918396
1;0.9999821186065674
1;0.9999901056289673
1;0.998798131942749
1;0.9999821186065674
1;0.9999991655349731
1;0.9990485310554504
1;0.9997867941856384
1;0.9999524354934692
1;0.9994379878044128
1;0.9996392726898193
1;0.9949681162834167
1;0.9988269209861755
1;0.9751765131950378
1;0.9984017014503479
1;0.868290901184082
1;0.8963884115219116
1;0.9999985694885254
1;0.9998505115509033
1;1.0
1;0.9999980926513672
1;0.9999864101409912
1;1.0
1;0.9999984502792358
1;0.9999836683273315
1;0.9999985694885254
1;0.998082160949707
1;0.9999806880950928
1;0.9999997615814209
1;0.9999825954437256
1;0.9999947547912598
1;0.9990218877792358
1;1.0
1;0.9999997615814209
1;0.9993509650230408
1;0.9998365640640259
1;0.9968752861022949
1;0.9969250559806824
