0;2.5923608859557135e-07
0;2.5718804863572586e-07
0;2.8198240897836513e-07
0;3.180055045959307e-07
0;3.960424805882212e-07
0;3.2479755418535206e-07
0;2.4089118255687936e-07
0;3.6160565741738537e-07
0;3.2788921089377254e-07
0;3.7696506183237943e-07
0;2.5855143803710234e-07
0;3.301695130630833e-07
0;2.06074460606942e-07
0;3.7280074138834607e-07
0;2.8073921498616983e-07
0;2.712755247102905e-07
0;2.0177010640054505e-07
0;3.2556135920458473e-07
0;3.609527254866407e-07
0;2.992038332649827e-07
0;1.730658567566934e-07
0;3.281379008512886e-07
0;2.4054088498814963e-07
0;2.647499570684886e-07
0;2.6198563318757806e-07
0;3.0780611837144534e-07
0;4.114507135000167e-07
0;2.75180866537994e-07
0;2.959541234304197e-07
0;3.908490953108412e-07
0;2.425387037874316e-07
0;3.394108034626697e-07
0;4.0235363485408016e-07
0;2.789844018025178e-07
0;3.453477290804585e-07
0;1.5621964166712132e-07
0;2.6227337457385147e-07
0;2.062850512629666e-07
0;2.745905192114151e-07
0;2.4811683374537097e-07
0;1.541030485441297e-07
0;1.5813407117093448e-07
0;2.155148308702337e-07
0;1.9802399719992536e-07
0;1.6728620266803773e-07
0;2.2319520098790235e-07
0;1.7102121319112484e-07
0;1.955788775376277e-07
0;1.8690479919314384e-07
0;1.0611457668119328e-07
0;2.3809586480183498e-07
0;1.9647958993118664e-07
0;2.492466535386484e-07
0;3.328933360080555e-07
0;1.6532401048152678e-07
0;2.0844852599566366e-07
0;2.433331189877208e-07
0;2.819415385602042e-07
0;1.3709869506328687e-07
0;1.4367491019129375e-07
0;1.556263100610522e-07
0;2.0883253171177785e-07
0;1.1212850381525641e-07
0;2.2555214229669218e-07
0;1.2900473222998698e-07
0;1.7306290089891263e-07
0;1.4387784119662683e-07
0;1.9043218912884186e-07
0;1.7586604883490509e-07
0;2.1864433108476078e-07
0;2.5152465354949527e-07
0;2.4019794864216237e-07
0;1.923991419516824e-07
0;1.6457775586786738e-07
0;1.5060190605709067e-07
0;3.9826724673730496e-07
0;2.3402682813866704e-07
0;3.7186796930654964e-07
0;2.0547120982428169e-07
0;1.8394814560451778e-07
0;2.3509967661539122e-07
0;2.6664224606065545e-07
0;2.1673976391411998e-07
0;3.1037205872053164e-07
0;1.4396485426004801e-07
0;2.3984381414265954e-07
0;1.8641722476786526e-07
0;1.946917507211765e-07
0;2.678536077382887e-07
0;3.581178305012145e-07
0;1.7635528593018535e-07
0;1.727064216083818e-07
0;4.127008139676036e-07
0;1.9478090962365968e-07
0;3.0598653211200144e-07
0;3.0598653211200144e-07
0;2.3972950202733045e-07
0;1.9970184439443983e-07
0;2.807874182053638e-07
0;1.9458428823782015e-07
0;1.7764678261755762e-07
0;2.3235048729475238e-07
0;1.7013397268783592e-07
0;2.024863903216101e-07
0;2.910927605626057e-07
0;2.4244920382443524e-07
0;3.0350315682881046e-07
0;2.418012741145503e-07
0;2.0540124978651875e-07
0;2.672165351214062e-07
0;4.08660952189166e-07
0;1.4016369220826164e-07
0;1.2239948432579695e-07
0;2.2970681357037392e-07
0;2.3691735862030328e-07
0;1.985834074957893e-07
0;1.7800903151510283e-07
0;2.0213353479903162e-07
0;2.0213353479903162e-07
0;2.1451558041007956e-07
0;4.252405290117167e-07
0;4.627383987099165e-07
0;2.1181371323564235e-07
0;2.4262061515401e-07
0;1.471631634331061e-07
0;3.302035338492715e-07
0;2.5086399091378553e-07
0;2.853498415333888e-07
0;1.7270726004880999e-07
0;1.7888680758915143e-07
0;1.2880950350790954e-07
0;2.6510619477448927e-07
0;1.2841088903314812e-07
0;2.8682808306257357e-07
0;2.1248845882837486e-07
0;2.7486876774673874e-07
0;2.302632680084571e-07
0;1.8133253831820184e-07
0;1.8013878388956073e-07
0;1.8013878388956073e-07
0;2.1235290148524655e-07
0;1.5212334574243869e-06
0;2.2803467913945497e-07
0;3.2930694260357996e-07
0;1.2706478003110533e-07
0;2.2770871055399766e-07
0;2.7047653361478297e-07
0;5.162397087588033e-07
0;2.598449668766989e-07
0;3.5278904420010804e-07
0;1.5978096712387924e-07
0;1.7428041587663756e-07
0;2.680319823866739e-07
0;1.7860777745681844e-07
0;1.888988805376357e-07
0;1.5070993697463564e-07
0;1.8636264087490417e-07
0;3.067315503813006e-07
0;3.3916683150891913e-07
0;2.6338250336266356e-07
0;2.207758882377675e-07
0;1.9566265052617382e-07
0;2.3123193670926412e-07
0;1.4111813584349875e-07
0;1.6338017871930788e-07
0;3.063652513901616e-07
0;3.107481916231336e-07
0;1.5146552811984293e-07
0;1.8169589566241484e-07
0;2.2238251062844938e-07
0;1.1971106061992032e-07
0;3.947392599457089e-07
0;1.530692514961629e-07
0;1.8568088933079707e-07
0;2.013496924746505e-07
0;2.383814603490464e-07
0;2.393731222127826e-07
0;2.5112848334174487e-07
0;1.569576397741912e-07
0;2.8078503078177164e-07
0;1.4559910255229624e-07
0;1.6257754964499327e-07
0;1.538589771143961e-07
0;1.3542006627176306e-07
0;1.7886156911117723e-07
0;1.317228566222184e-07
0;2.0538735157060728e-07
0;1.5477229453608743e-07
0;1.2389425307901547e-07
0;1.301157652733309e-07
0;2.3112809799386014e-07
0;1.7148079223261448e-07
0;3.543556488239119e-07
0;1.4089624755797558e-07
0;2.2699319401908724e-07
0;2.403599523859157e-07
0;2.4138998355738295e-07
0;2.0391111377193738e-07
0;1.7800681462176726e-07
0;2.358764845666883e-07
0;6.352351533678302e-07
0;1.6994862050978554e-07
0;2.9438115234370343e-07
0;2.5243832624255447e-07
0;7.477970598301908e-07
0;1.632565158615762e-07
0;2.8599308166121773e-07
0;2.0827107505283493e-07
0;1.823047881543971e-07
0;2.157095480015414e-07
0;1.6009089165436308e-07
0;2.0563037139709195e-07
0;2.401040433142043e-07
0;1.8162398873755592e-07
0;2.636141971379402e-07
0;2.0901764230529807e-07
0;2.568194190644135e-07
0;2.2305434299596527e-07
0;2.935627776423644e-07
0;1.8228321607693942e-07
0;1.7050106748683902e-07
0;2.0950837154032342e-07
0;1.0671475081380777e-07
0;2.377933867592219e-07
0;1.3497034956344578e-07
0;2.0596304750597483e-07
0;2.598491732896946e-07
0;1.9030710518563865e-07
0;2.0179663806629833e-07
0;2.185767726814447e-07
0;2.8436045340640703e-07
0;2.81484233255469e-07
0;2.3384184544283926e-07
0;1.9650471472232311e-07
1;1.8758676390007167e-07
1;1.2169878971235448e-07
1;2.2940535870930034e-07
1;1.5718323709279503e-07
1;2.1015414120029163e-07
1;1.5814401876923512e-07
1;1.8952812297357013e-07
1;1.9958797281560692e-07
1;2.141403001587605e-07
1;2.819261908371118e-07
1;1.9513882421051676e-07
1;1.3876399407308782e-07
1;1.8438512938701024e-07
1;1.861049412354987e-07
1;1.6633077848382527e-07
1;1.5984436174676375e-07
1;1.3951451194316178e-07
1;1.5614395465490816e-07
1;1.3037211488153844e-07
1;2.479632996710279e-07
1;2.1031131325344177e-07
1;2.8433524335014226e-07
1;3.3409358479730145e-07
1;1.9546327223451954e-07
1;1.0758250112985479e-07
1;5.700590577362163e-07
1;2.233152827102458e-07
1;1.0434575159479209e-07
1;9.2459849554416e-08
1;4.20350460217378e-07
1;3.1761874197400175e-07
1;2.658173343661474e-07
1;1.1989271797574474e-07
1;1.8089849618263543e-07
1;1.0765249669475452e-07
1;1.0613197787279205e-07
1;1.260290787286067e-07
1;1.730734453531113e-07
1;1.5975477651863912e-07
1;1.0356058766092247e-07
1;1.3272408239117794e-07
1;1.45878743751382e-07
1;9.401320255619794e-08
1;1.2858023978878919e-07
1;4.2136673528148094e-07
1;1.6780711575847818e-07
1;1.3894407402403885e-07
1;1.748714311133881e-07
1;3.731436493126239e-07
1;6.258168809836206e-07
1;2.3873766963333765e-08
1;1.581557711460846e-07
1;1.2089529377590225e-07
1;2.1731246135914262e-07
1;3.719456174167135e-07
1;1.5652504714580573e-07
1;1.507918767629235e-07
1;1.4575832096852537e-07
1;1.3108274288242683e-07
1;1.358445871346703e-07
1;1.5797699859376735e-07
1;1.534530724711658e-07
1;1.2028233697947144e-07
1;1.321342750770782e-07
1;1.9202079215574486e-07
1;5.281050903249707e-07
1;2.0816224832742591e-07
1;1.864109862026453e-07
1;1.1703630207193783e-06
1;1.0060934840794289e-07
1;1.6428262483714207e-07
1;1.4844953000192618e-07
1;2.2365775009802746e-07
1;1.382303906893867e-07
1;2.1749366396761616e-07
1;2.3625381118108635e-07
1;1.9674247653256316e-07
1;1.2581939756728389e-07
1;1.0990438426006222e-07
1;1.5827045274363627e-07
1;1.783458003501437e-07
1;1.7908207894379302e-07
1;1.1801369481645452e-07
1;4.895879897048871e-07
1;1.0831837471414474e-07
1;2.3772444990299846e-07
1;2.3772444990299846e-07
1;2.3625401013305236e-07
1;2.253781872241234e-07
1;1.1876903727170429e-07
1;1.5618149973306572e-07
1;1.0753224444215448e-07
1;8.228976184909698e-07
1;1.950725874166892e-07
1;2.516179904432647e-07
1;4.168446992025565e-07
1;1.6032191751946812e-07
1;2.5184294827340636e-07
1;1.618979865725123e-07
1;2.3456800590793137e-07
1;2.231809332897683e-07
1;2.4780422336334595e-07
1;1.7880887526189326e-07
1;2.646762311542261e-07
1;2.646762311542261e-07
1;1.8916028921012185e-07
1;1.8577920002371684e-07
1;1.9904452130958816e-07
1;1.8953878111460654e-07
1;1.483507503508008e-07
1;1.372386577713769e-07
1;2.7977947070212394e-07
1;1.7889638570522948e-07
1;3.175699703206192e-07
1;3.3850471936602844e-07
1;1.541959591122577e-07
1;1.1484492290492199e-07
1;1.6216471010466194e-07
1;3.1536137612420134e-07
1;2.3666670756483654e-07
1;1.7492850190592435e-07
1;1.4173856754950975e-07
1;2.355709796120209e-07
1;2.0582304216532066e-07
1;1.321733407166903e-07
1;1.3470801718540315e-07
1;2.9149057922950306e-07
1;1.7187700507292902e-07
1;1.815760271028921e-07
1;4.3289301743243414e-07
1;2.2562120705060806e-07
1;9.198632255902339e-08
1;2.2531737897679704e-07
1;2.097260676237056e-07
1;3.2890739021240734e-07
1;1.3117028174747247e-07
1;2.080507073287663e-07
1;3.6581334939000953e-07
1;2.5692253302622703e-07
1;2.320059451221823e-07
1;1.4992836838700896e-07
1;1.4751837795756728e-07
1;3.9590688061252877e-07
1;1.6686014703282126e-07
1;3.3277046895818785e-07
1;1.198219251818955e-05
1;2.251412212217474e-07
1;2.3473874932733452e-07
1;2.0285538937514502e-07
1;2.1958507545605244e-07
1;2.07427845566599e-07
1;1.6049294515596557e-07
1;1.930032027530615e-07
1;2.2603127547426993e-07
1;2.7182039730178076e-07
1;1.9928688743675593e-07
1;1.4778366619339067e-07
1;2.6166452471443336e-07
1;1.9086819236235897e-07
1;5.148650075170735e-07
1;1.2796321868790983e-07
1;3.446249365879339e-07
1;1.3616339344935113e-07
1;2.257787627968355e-07
1;2.0056909022514446e-07
1;2.047617186917705e-07
1;1.6803483049443457e-07
1;2.2639477492703008e-07
1;1.484789891037508e-07
1;1.9312766141865723e-07
1;1.9307096010834357e-07
1;2.862940675640857e-07
1;1.3883759208965785e-07
1;2.101928231468264e-07
1;1.9704252451901993e-07
1;1.8851302741040854e-07
1;3.231070024867222e-07
1;2.2151910172851785e-07
1;2.1837510644218128e-07
1;2.019947800135924e-07
1;3.9130634377215756e-07
1;9.162299363651982e-08
1;1.8158503678478155e-07
1;1.4800723420194117e-06
1;1.8297187409643811e-07
1;1.4261365777201718e-07
1;4.1033354136743583e-07
1;2.835461998529354e-07
1;2.335087145866055e-07
1;4.869133363172296e-07
1;1.9425887387569674e-07
1;1.594016794115305e-07
1;1.9090079206307564e-07
1;1.3174924617942452e-07
1;2.2104111963017203e-07
1;1.5092597038801614e-07
1;2.096454920774704e-07
1;1.613360609553638e-07
1;2.413543427337572e-07
1;2.4095092499010207e-07
1;3.35067767309738e-07
1;1.7919381889441865e-07
1;2.827552521011967e-07
1;1.1842972469366941e-07
1;1.1175507097505033e-07
1;2.1725256260651804e-07
1;2.581298872428306e-07
1;1.5957934351717995e-07
1;1.4733025466284744e-07
1;3.9499497006545425e-07
1;2.85121899423757e-07
1;1.98822732500048e-07
1;4.214953435166535e-07
1;3.2846040198819537e-07
1;2.708815429741662e-07
1;1.308127508536927e-07
1;3.049474628369353e-07
1;3.3624576190049993e-07
1;3.3624576190049993e-07
1;1.1330708105106169e-07
1;1.1655783538344622e-07
1;1.8570301563158864e-07
1;2.0015943391626934e-07
1;2.0751350859882223e-07
1;1.560948277301577e-07
1;1.9916605253911257e-07
1;2.0665974886924232e-07
1;1.5403868758312456e-07
1;2.0083325580344535e-07
1;2.2970746726969082e-07
1;2.621083297071891e-07
1;2.3484153643948957e-07
1;2.2955089207243873e-07
1;2.463795283347281e-07
1;2.1271431194236357e-07
1;1.8015130365256482e-07
1;1.5805927944256837e-07
1;1.9759050928769284e-07
1;1.5628639005171863e-07
1;4.34829814821569e-07
1;1.0970501307383529e-07
1;3.099437719811249e-07
1;2.980436022426147e-07
1;2.2248092079735216e-07
1;1.7561832521550969e-07
1;1.7810224051117984e-07
1;3.4656915204323013e-07
1;1.812094723163682e-07
1;1.2849271513459826e-07
1;1.379372491783215e-07
1;1.0260347949042625e-07
1;2.314388893864816e-07
1;1.528169377706945e-07
1;1.420950610508953e-07
1;8.907597504048681e-08
1;2.5173440576509165e-07
1;1.332069530235458e-07
1;1.5391240992812527e-07
1;1.9417979046920664e-07
1;2.120972908414842e-07
1;3.122585496839747e-07
1;1.927190425021763e-07
1;2.1809142936035641e-07
1;1.1323881921043721e-07
1;3.46804228001929e-07
1;1.519812258266029e-07
1;2.9948529345347197e-07
1;1.8614505847835972e-07
1;3.2075584499580145e-07
1;5.462013064061466e-07
1;3.223006501684722e-07
1;1.6160552718247345e-07
1;1.6723085138892202e-07
1;3.4913313129436574e-07
1;2.6658781848709623e-07
1;2.1421570295387937e-07
1;1.6017122561606811e-07
1;1.5893539284661529e-07
1;1.9348179591816006e-07
1;2.0480310070070118e-07
1;2.493336808129243e-07
1;2.6911720851785503e-07
1;1.6961185167474468e-07
1;3.9165135490293324e-07
1;2.3296463780297927e-07
1;2.1793113091916894e-07
1;2.158688374720441e-07
1;3.9805954088478757e-07
1;3.2570886787652853e-07
1;2.5098935907408304e-07
1;3.732365598807519e-07
1;2.4163367129403923e-07
1;3.203865617251722e-07
1;1.210944589047358e-07
1;2.3420788863859343e-07
1;2.658951814282773e-07
1;1.7404704522050451e-07
1;1.8238094412481587e-07
1;2.7235284960624995e-07
1;1.808574410233632e-07
1;1.7345962532999692e-07
1;2.2585028602861712e-07
1;2.2804468358117447e-07
1;1.58024917595867e-07
1;1.684693415882066e-07
1;1.5308444289985346e-07
1;1.4656622226993932e-07
1;2.7003605396203056e-07
1;1.880867301906619e-07
1;1.3056023817625828e-07
1;1.541636152069259e-07
1;1.7006939856401004e-07
1;2.0065367323240935e-07
1;2.14921229257925e-07
1;2.1082037449104973e-07
1;2.431735310892691e-07
1;2.0683937407284247e-07
1;2.1350085432914057e-07
1;2.0865755345766956e-07
1;1.2758157197367836e-07
1;1.535877771630112e-07
1;1.59247917963512e-07
1;1.9403799456085835e-07
1;1.5299248445899138e-07
1;2.8361245085761766e-07
1;2.0483221874201263e-07
1;1.7061427115550032e-07
1;2.2960804813010327e-07
1;1.4150923277611582e-07
1;2.991792769080348e-07
1;2.0305590453517652e-07
1;2.2431525792399043e-07
1;1.698766851632172e-07
1;2.6354280180385103e-07
1;6.315089562392018e-10
1;1.473977135901805e-07
1;2.1612261491554818e-07
1;4.692131199135474e-07
1;1.0745822720537035e-07
1;1.6829704918563948e-07
1;1.2816252592529054e-07
1;2.1215639378624473e-07
1;2.093254209967199e-07
1;1.6950851033925574e-07
1;1.7670809260295073e-10
1;1.2332465360032074e-07
1;1.2785415037797065e-07
1;6.764828981431492e-07
1;1.624080141482409e-07
1;1.9097598169537378e-07
1;1.8754830932721234e-07
1;1.5439431422237249e-07
1;1.840106165218458e-07
1;1.0377313941489774e-07
1;4.190796119019069e-07
1;2.157309495487425e-07
1;3.3056929282793135e-07
1;1.757190091211669e-07
1;1.8661573619738192e-07
1;2.4758688255133166e-07
1;2.4258520170405973e-07
1;2.2439101599047717e-07
1;2.5401504899491556e-07
1;1.725933174157035e-07
1;1.8207612129117479e-07
1;3.5206710435886635e-07
1;2.959919527256716e-07
1;1.801729609951508e-07
1;3.320831467590324e-07
1;1.1197568738907648e-07
1;2.4152794253495813e-07
1;1.7364349957915692e-07
1;1.3556038425122097e-07
1;3.6356524901748344e-07
1;2.050446710200049e-07
1;2.2478380401480536e-07
1;1.6286648474306276e-07
1;5.969702101538132e-07
1;1.7145330843959528e-07
1;2.592153123259777e-07
1;4.80283757209321e-10
1;2.0626279706448258e-07
1;2.319462026889596e-07
1;2.1953378848138527e-07
1;1.9826946129342105e-07
1;1.0152888307857211e-07
1;1.206962281230517e-07
1;1.9785713334385946e-07
1;2.7483523012961086e-07
1;1.6557552839913114e-07
